1.000000000 0.000000000 0.000000000 0.000000000 0.000000000 1.000000000 0.000000000 0.000000000 0.000000000 0.000000000 1.000000000 0.000000000
1.000000000 -0.000027715 0.000118471 -0.000252427 0.000027724 1.000000000 -0.000079740 -0.000007510 -0.000118469 0.000079743 1.000000000 -0.000030377
1.000000000 0.000022184 -0.000123015 0.000596445 -0.000022193 1.000000000 -0.000066484 -0.000007886 0.000123013 0.000066487 1.000000000 -0.000011067
1.000000000 -0.000136943 0.000032804 0.000350028 0.000136960 0.999999881 -0.000519121 0.001011180 -0.000032733 0.000519125 0.999999881 -0.000101048
0.999999940 -0.000136812 -0.000373651 0.002129160 0.000136508 0.999999642 -0.000813049 0.001714592 0.000373762 0.000812998 0.999999583 -0.000316091
1.000000000 0.000010608 0.000204646 -0.000904967 -0.000010704 0.999999881 0.000466318 -0.001051746 -0.000204641 -0.000466320 0.999999881 0.000635673
0.999999881 -0.000122357 0.000526417 -0.001894419 0.000122736 0.999999762 -0.000719307 0.001474550 -0.000526328 0.000719371 0.999999583 -0.000386459
0.999999940 -0.000227842 -0.000279243 0.001360262 0.000227563 0.999999464 -0.000997701 0.002633716 0.000279470 0.000997638 0.999999464 -0.000894163
0.999999940 -0.000150186 -0.000203349 0.000864640 0.000150138 0.999999940 -0.000236941 0.000412809 0.000203385 0.000236910 0.999999940 -0.000389300
0.999999881 -0.000244600 -0.000375003 0.001679843 0.000244438 0.999999881 -0.000429834 0.001045090 0.000375109 0.000429742 0.999999821 -0.000562732
1.000000000 -0.000135497 0.000060031 -0.000222682 0.000135520 0.999999940 -0.000370122 0.000659966 -0.000059981 0.000370131 0.999999940 -0.000443690
0.999999940 -0.000245281 -0.000198279 0.000753183 0.000245236 0.999999940 -0.000224289 0.000283269 0.000198334 0.000224241 0.999999940 -0.000631427
0.999999940 -0.000192140 -0.000338476 0.001152517 0.000192063 0.999999940 -0.000226081 0.000392646 0.000338519 0.000226016 0.999999940 -0.000557811
1.000000000 -0.000022097 0.000242664 -0.001289876 0.000022091 1.000000000 0.000024565 0.000235707 -0.000242665 -0.000024560 1.000000000 0.000181665
0.999999940 -0.000016422 0.000260877 -0.001715306 0.000016474 1.000000000 -0.000198389 0.000620598 -0.000260874 0.000198393 0.999999940 0.000055008
1.000000000 -0.000109732 -0.000079293 -0.000341706 0.000109730 1.000000000 -0.000020747 0.000190442 0.000079295 0.000020738 1.000000000 0.000186665
1.000000000 -0.000050047 -0.000092838 -0.000066008 0.000050041 1.000000000 -0.000059615 0.000348992 0.000092841 0.000059610 1.000000000 -0.000202274
0.999999940 0.000086792 -0.000247652 0.000184078 -0.000086819 1.000000000 -0.000108578 0.000568230 0.000247642 0.000108599 0.999999940 -0.000237218
0.999999940 -0.000088989 -0.000386144 0.000777081 0.000089056 1.000000000 0.000173470 -0.000124963 0.000386129 -0.000173504 0.999999881 0.000388210
0.999999762 -0.000255897 -0.000657144 -0.006254962 0.000254730 0.999998391 -0.001775465 0.003418819 0.000657597 0.001775297 0.999998212 -0.001038140
0.999999285 -0.000069400 -0.001175506 -0.000766376 0.000067814 0.999999106 -0.001348975 0.002648611 0.001175598 0.001348894 0.999998391 -0.000669227
0.999999702 0.000356835 0.000654302 0.028576652 -0.000354309 0.999992490 -0.003857626 -0.001561695 -0.000655674 0.003857393 0.999992371 -0.002255903
0.999997377 0.000145085 0.002288552 0.042988464 -0.000139733 0.999997258 -0.002338440 -0.003506007 -0.002288885 0.002338114 0.999994636 -0.008083098
0.999999046 -0.000741373 -0.001151967 0.024167946 0.000741269 0.999999702 -0.000090161 0.002056466 0.001152034 0.000089307 0.999999344 0.004747643
0.999992549 0.001271940 -0.003645806 -0.041763462 -0.001289200 0.999987960 -0.004735794 0.005378728 0.003639739 0.004740459 0.999982119 0.011206631
0.999895513 -0.002017508 -0.014313224 -0.123495169 0.001947239 0.999985993 -0.004921617 -0.004919158 0.014322955 0.004893230 0.999885440 0.033404574
0.999713242 -0.002153123 -0.023853978 -0.207106531 0.002173626 0.999997318 0.000833601 0.005261300 0.023852123 -0.000885211 0.999715030 0.047675028
0.999532759 -0.002862358 -0.030427832 -0.242956311 0.002728808 0.999986529 -0.004429677 0.015496822 0.030440098 0.004344576 0.999527097 0.060618903
0.999248683 -0.003001099 -0.038639773 -0.356698930 0.003063588 0.999994099 0.001558122 0.003626805 0.038634870 -0.001675327 0.999251962 0.070845746
0.998416305 -0.003588243 -0.056144550 -0.509274125 0.003900744 0.999977529 0.005457414 0.003719443 0.056123707 -0.005667776 0.998407722 0.087352641
0.997156203 -0.005701250 -0.075146265 -0.678020895 0.006158492 0.999963880 0.005854380 0.002354692 0.075110175 -0.006300519 0.997155309 0.089188017
0.995052397 -0.008523550 -0.098985069 -0.823259056 0.009332160 0.999926746 0.007708891 -0.003949894 0.098912105 -0.008594495 0.995059073 0.070707597
0.991026580 -0.017036393 -0.132575735 -0.931018472 0.018726408 0.999758303 0.011511057 -0.010438740 0.132347599 -0.013890428 0.991106033 0.085019812
0.985588551 -0.019479809 -0.168034822 -1.015617490 0.020812532 0.999764264 0.006173586 -0.000945826 0.167874947 -0.009581845 0.985761642 0.091700159
0.978040457 -0.023447858 -0.207091540 -1.060630083 0.022686683 0.999724329 -0.006049986 0.022212701 0.207176283 0.001218912 0.978302836 0.103132516
0.974517703 -0.027032070 -0.222675741 -1.088168621 0.025705332 0.999630332 -0.008854920 0.014568943 0.222832784 0.002905323 0.974852324 0.124365456
0.972643554 -0.027287371 -0.230694383 -1.117290735 0.026454667 0.999627471 -0.006702578 0.003089192 0.230791360 0.000416276 0.973003149 0.122503616
0.969263494 -0.026529659 -0.244590253 -1.166269422 0.027231490 0.999628961 -0.000512395 0.003416672 0.244513094 -0.006163911 0.969626367 0.115831897
0.964703798 -0.024175713 -0.262225479 -1.214353323 0.026841361 0.999617994 0.006587768 -0.009116254 0.261966050 -0.013393733 0.964984059 0.101836361
0.961728394 -0.031389058 -0.272200614 -1.234240174 0.032185238 0.999480665 -0.001540417 -0.010434860 0.272107631 -0.007279379 0.962239206 0.097770728
0.960412741 -0.032005567 -0.276736438 -1.249236226 0.032373730 0.999470532 -0.003239479 -0.006064404 0.276693612 -0.005847754 0.960940361 0.101877101
0.959416926 -0.029172381 -0.280478269 -1.346279502 0.031849321 0.999480247 0.004989908 -0.016398545 0.280186832 -0.013720445 0.959847391 0.069921672
0.958359718 -0.031153252 -0.283859313 -1.353758335 0.032716189 0.999464452 0.000765574 -0.011876899 0.283683360 -0.010020491 0.958865583 0.083379753
0.959229231 -0.030428834 -0.280986458 -1.335466981 0.032109499 0.999483466 0.001378221 -0.010483004 0.280799329 -0.010344367 0.959710777 0.096374385
0.960255742 -0.029169992 -0.277593374 -1.334645033 0.031143727 0.999511242 0.002702537 -0.006813506 0.277378887 -0.011240419 0.960694790 0.104442388
0.960431278 -0.028277112 -0.277077973 -1.333846211 0.028697055 0.999584973 -0.002540169 -0.016660361 0.277034819 -0.005511666 0.960844040 0.114401504
0.961717308 -0.029754337 -0.272423416 -1.300291657 0.029453814 0.999552727 -0.005193314 -0.000538481 0.272456050 -0.003029411 0.962163448 0.133664504
0.963462293 -0.029745419 -0.266187251 -1.270884752 0.030003848 0.999544978 -0.003096705 0.005300391 0.266158253 -0.005003085 0.963916361 0.145719618
0.964618623 -0.028568884 -0.262096941 -1.251340270 0.029387752 0.999567807 -0.000795741 -0.001628911 0.262006402 -0.006934853 0.965041220 0.148457766
0.966684341 -0.026287233 -0.254618019 -1.163562775 0.027911389 0.999606490 0.002767333 0.000300240 0.254445106 -0.009781879 0.967037737 0.205787003
0.966353834 -0.028676488 -0.255612940 -0.970895827 0.029047515 0.999575317 -0.002324344 0.038269252 0.255570978 -0.005178783 0.966776431 0.261388063
0.966214478 -0.033342831 -0.255573452 -0.729526162 0.033133034 0.999437809 -0.005127557 0.047407337 0.255600721 -0.003513604 0.966775954 0.352215022
0.971964478 -0.035345808 -0.232456252 -0.516218960 0.029966369 0.999195993 -0.026633615 0.062906526 0.233210772 0.018921053 0.972242117 0.395660162
0.974993229 -0.034465089 -0.219545886 -0.241658390 0.028958708 0.999181271 -0.028250733 0.084979765 0.220339790 0.021186508 0.975193024 0.457843870
0.982023597 -0.029511433 -0.186436951 -0.181100413 0.024396408 0.999261975 -0.029671168 0.083684266 0.187175021 0.024589395 0.982018769 0.406997621
0.986418068 -0.023106255 -0.162620798 -0.098122448 0.019674441 0.999549031 -0.022682289 0.097914927 0.163071543 0.019174743 0.986427903 0.405075341
0.991944909 0.009168665 -0.126337886 -0.165302202 -0.010957601 0.999849200 -0.013472237 0.071216568 0.126195312 0.014748076 0.991895795 0.391724467
0.991913080 0.008055166 -0.126663744 -0.167739823 -0.009854334 0.999859214 -0.013584071 0.066380203 0.126536503 0.014722404 0.991852701 0.404177874
0.992206454 0.006138864 -0.124453381 -0.155948684 -0.008695011 0.999762118 -0.020006243 0.056415066 0.124300949 0.020932447 0.992023766 0.409066707
0.992279649 0.005641405 -0.123892106 -0.153614268 -0.008552114 0.999699533 -0.022974670 0.056414716 0.123725250 0.023856839 0.992029667 0.414047420
0.992060661 0.008563226 -0.125468552 -0.161162376 -0.011162617 0.999737144 -0.020029092 0.061145432 0.125264049 0.021270631 0.991895437 0.424221128
0.992128313 0.008375067 -0.124944605 -0.164531276 -0.010992088 0.999734104 -0.020270769 0.061517432 0.124741614 0.021484608 0.991956651 0.441112250
0.992207229 0.008282848 -0.124323472 -0.167745411 -0.010858561 0.999739945 -0.020054536 0.061564315 0.124125026 0.021248227 0.992039084 0.445984364
0.992150486 0.007767533 -0.124808297 -0.166118145 -0.010828263 0.999656558 -0.023863820 0.070213839 0.124580070 0.025027955 0.991893888 0.449948907
0.992226362 0.004899406 -0.124349639 -0.155330941 -0.008472409 0.999565780 -0.028220983 0.056405142 0.124157384 0.029055145 0.991837084 0.461799532
0.992558241 0.004187045 -0.121699087 -0.146980047 -0.008250255 0.999424458 -0.032902669 0.058888867 0.121491291 0.033661861 0.992021620 0.468499601
0.993164420 0.005591050 -0.116590075 -0.127571151 -0.007942983 0.999774098 -0.019717807 0.057780959 0.116453506 0.020509096 0.992984414 0.471501946
0.991871119 0.012765021 -0.126604795 -0.193469942 -0.017465295 0.999196053 -0.036085218 0.042785607 0.126042381 0.038003072 0.991296649 0.488506049
0.991180241 0.014255032 -0.131751493 -0.217816159 -0.018951114 0.999226451 -0.034458540 0.044300817 0.131158352 0.036651466 0.990683675 0.496886045
0.990056753 0.009100258 -0.140373662 -0.304363340 -0.012125979 0.999711871 -0.020714492 0.116886541 0.140144750 0.022210687 0.989881873 0.516861856
0.986462355 0.000111703 -0.163987771 -0.381034285 -0.004742285 0.999600947 -0.027846139 0.123956650 0.163919255 0.028246840 0.986069202 0.540051818
0.981016219 -0.007131766 -0.193794414 -0.473414958 -0.000502389 0.999226749 -0.039315395 0.116353311 0.193924919 0.038666405 0.980254054 0.555739105
0.971836030 -0.016125765 -0.235105678 -0.585175514 0.007631849 0.999286354 -0.036993369 0.113007821 0.235534430 0.034157198 0.971265495 0.553194523
0.959456563 -0.010475291 -0.281661838 -0.685207069 0.003688637 0.999690235 -0.024614479 0.162839442 0.281832427 0.022577574 0.959197938 0.561930120
0.943550944 0.010358536 -0.331065416 -0.807745874 -0.007559654 0.999923944 0.009740765 0.052973453 0.331141144 -0.006688168 0.943557501 0.487525821
0.929724455 0.008298888 -0.368162423 -0.923816979 -0.007120254 0.999964237 0.004559712 0.019308738 0.368187159 -0.001617865 0.929750323 0.443132937
0.913693249 0.001414435 -0.406401873 -0.980447888 -0.001593705 0.999998748 -0.000102667 0.041330177 0.406401187 0.000741491 0.913694441 0.390519530
0.896588802 0.002369734 -0.442857534 -1.059049845 0.001462749 0.999964356 0.008312232 0.065509655 0.442861497 -0.008100444 0.896553457 0.321539015
0.870472729 0.002489711 -0.492210239 -1.122542739 -0.008078120 0.999924779 -0.009228293 0.157685712 0.492150277 0.012009112 0.870427430 0.270158052
0.870472729 0.002489711 -0.492210239 -1.122542739 -0.008078120 0.999924779 -0.009228293 0.157685712 0.492150277 0.012009112 0.870427430 0.270158052
0.870472729 0.002489711 -0.492210239 -1.122542739 -0.008078120 0.999924779 -0.009228293 0.157685712 0.492150277 0.012009112 0.870427430 0.270158052
0.870472729 0.002489711 -0.492210239 -1.122542739 -0.008078120 0.999924779 -0.009228293 0.157685712 0.492150277 0.012009112 0.870427430 0.270158052
0.870472729 0.002489711 -0.492210239 -1.122542739 -0.008078120 0.999924779 -0.009228293 0.157685712 0.492150277 0.012009112 0.870427430 0.270158052
0.870472729 0.002489711 -0.492210239 -1.122542739 -0.008078120 0.999924779 -0.009228293 0.157685712 0.492150277 0.012009112 0.870427430 0.270158052
0.870472729 0.002489711 -0.492210239 -1.122542739 -0.008078120 0.999924779 -0.009228293 0.157685712 0.492150277 0.012009112 0.870427430 0.270158052
0.870472729 0.002489711 -0.492210239 -1.122542739 -0.008078120 0.999924779 -0.009228293 0.157685712 0.492150277 0.012009112 0.870427430 0.270158052
0.870472729 0.002489711 -0.492210239 -1.122542739 -0.008078120 0.999924779 -0.009228293 0.157685712 0.492150277 0.012009112 0.870427430 0.270158052
0.870472729 0.002489711 -0.492210239 -1.122542739 -0.008078120 0.999924779 -0.009228293 0.157685712 0.492150277 0.012009112 0.870427430 0.270158052
0.870472729 0.002489711 -0.492210239 -1.122542739 -0.008078120 0.999924779 -0.009228293 0.157685712 0.492150277 0.012009112 0.870427430 0.270158052
0.870472729 0.002489711 -0.492210239 -1.122542739 -0.008078120 0.999924779 -0.009228293 0.157685712 0.492150277 0.012009112 0.870427430 0.270158052
0.870472729 0.002489711 -0.492210239 -1.122542739 -0.008078120 0.999924779 -0.009228293 0.157685712 0.492150277 0.012009112 0.870427430 0.270158052
0.870472729 0.002489711 -0.492210239 -1.122542739 -0.008078120 0.999924779 -0.009228293 0.157685712 0.492150277 0.012009112 0.870427430 0.270158052
0.870472729 0.002489711 -0.492210239 -1.122542739 -0.008078120 0.999924779 -0.009228293 0.157685712 0.492150277 0.012009112 0.870427430 0.270158052
0.870472729 0.002489711 -0.492210239 -1.122542739 -0.008078120 0.999924779 -0.009228293 0.157685712 0.492150277 0.012009112 0.870427430 0.270158052
0.870472729 0.002489711 -0.492210239 -1.122542739 -0.008078120 0.999924779 -0.009228293 0.157685712 0.492150277 0.012009112 0.870427430 0.270158052
0.870472729 0.002489711 -0.492210239 -1.122542739 -0.008078120 0.999924779 -0.009228293 0.157685712 0.492150277 0.012009112 0.870427430 0.270158052
0.870472729 0.002489711 -0.492210239 -1.122542739 -0.008078120 0.999924779 -0.009228293 0.157685712 0.492150277 0.012009112 0.870427430 0.270158052
0.870472729 0.002489711 -0.492210239 -1.122542739 -0.008078120 0.999924779 -0.009228293 0.157685712 0.492150277 0.012009112 0.870427430 0.270158052
0.870472729 0.002489711 -0.492210239 -1.122542739 -0.008078120 0.999924779 -0.009228293 0.157685712 0.492150277 0.012009112 0.870427430 0.270158052
0.870472729 0.002489711 -0.492210239 -1.122542739 -0.008078120 0.999924779 -0.009228293 0.157685712 0.492150277 0.012009112 0.870427430 0.270158052
0.870472729 0.002489711 -0.492210239 -1.122542739 -0.008078120 0.999924779 -0.009228293 0.157685712 0.492150277 0.012009112 0.870427430 0.270158052
0.870472729 0.002489711 -0.492210239 -1.122542739 -0.008078120 0.999924779 -0.009228293 0.157685712 0.492150277 0.012009112 0.870427430 0.270158052
0.870472729 0.002489711 -0.492210239 -1.122542739 -0.008078120 0.999924779 -0.009228293 0.157685712 0.492150277 0.012009112 0.870427430 0.270158052
0.870472729 0.002489711 -0.492210239 -1.122542739 -0.008078120 0.999924779 -0.009228293 0.157685712 0.492150277 0.012009112 0.870427430 0.270158052
0.870472729 0.002489711 -0.492210239 -1.122542739 -0.008078120 0.999924779 -0.009228293 0.157685712 0.492150277 0.012009112 0.870427430 0.270158052
0.870472729 0.002489711 -0.492210239 -1.122542739 -0.008078120 0.999924779 -0.009228293 0.157685712 0.492150277 0.012009112 0.870427430 0.270158052
0.870472729 0.002489711 -0.492210239 -1.122542739 -0.008078120 0.999924779 -0.009228293 0.157685712 0.492150277 0.012009112 0.870427430 0.270158052
0.870472729 0.002489711 -0.492210239 -1.122542739 -0.008078120 0.999924779 -0.009228293 0.157685712 0.492150277 0.012009112 0.870427430 0.270158052
0.870472729 0.002489711 -0.492210239 -1.122542739 -0.008078120 0.999924779 -0.009228293 0.157685712 0.492150277 0.012009112 0.870427430 0.270158052
0.870472729 0.002489711 -0.492210239 -1.122542739 -0.008078120 0.999924779 -0.009228293 0.157685712 0.492150277 0.012009112 0.870427430 0.270158052
0.870472729 0.002489711 -0.492210239 -1.122542739 -0.008078120 0.999924779 -0.009228293 0.157685712 0.492150277 0.012009112 0.870427430 0.270158052
0.870472729 0.002489711 -0.492210239 -1.122542739 -0.008078120 0.999924779 -0.009228293 0.157685712 0.492150277 0.012009112 0.870427430 0.270158052
0.870472729 0.002489711 -0.492210239 -1.122542739 -0.008078120 0.999924779 -0.009228293 0.157685712 0.492150277 0.012009112 0.870427430 0.270158052
0.870472729 0.002489711 -0.492210239 -1.122542739 -0.008078120 0.999924779 -0.009228293 0.157685712 0.492150277 0.012009112 0.870427430 0.270158052
0.870472729 0.002489711 -0.492210239 -1.122542739 -0.008078120 0.999924779 -0.009228293 0.157685712 0.492150277 0.012009112 0.870427430 0.270158052
0.870472729 0.002489711 -0.492210239 -1.122542739 -0.008078120 0.999924779 -0.009228293 0.157685712 0.492150277 0.012009112 0.870427430 0.270158052
0.870472729 0.002489711 -0.492210239 -1.122542739 -0.008078120 0.999924779 -0.009228293 0.157685712 0.492150277 0.012009112 0.870427430 0.270158052
0.941809118 0.009770666 -0.336006373 -1.365870595 -0.010019407 0.999949276 0.000993444 0.059629198 0.335999072 0.002430951 0.941859186 0.736311972
0.941809118 0.009770666 -0.336006373 -1.365870595 -0.010019407 0.999949276 0.000993444 0.059629198 0.335999072 0.002430951 0.941859186 0.736311972
0.941809118 0.009770666 -0.336006373 -1.365870595 -0.010019407 0.999949276 0.000993444 0.059629198 0.335999072 0.002430951 0.941859186 0.736311972
0.941809118 0.009770666 -0.336006373 -1.365870595 -0.010019407 0.999949276 0.000993444 0.059629198 0.335999072 0.002430951 0.941859186 0.736311972
0.941809118 0.009770666 -0.336006373 -1.365870595 -0.010019407 0.999949276 0.000993444 0.059629198 0.335999072 0.002430951 0.941859186 0.736311972
0.941809118 0.009770666 -0.336006373 -1.365870595 -0.010019407 0.999949276 0.000993444 0.059629198 0.335999072 0.002430951 0.941859186 0.736311972
0.941809118 0.009770666 -0.336006373 -1.365870595 -0.010019407 0.999949276 0.000993444 0.059629198 0.335999072 0.002430951 0.941859186 0.736311972
0.941809118 0.009770666 -0.336006373 -1.365870595 -0.010019407 0.999949276 0.000993444 0.059629198 0.335999072 0.002430951 0.941859186 0.736311972
0.941809118 0.009770666 -0.336006373 -1.365870595 -0.010019407 0.999949276 0.000993444 0.059629198 0.335999072 0.002430951 0.941859186 0.736311972
0.941809118 0.009770666 -0.336006373 -1.365870595 -0.010019407 0.999949276 0.000993444 0.059629198 0.335999072 0.002430951 0.941859186 0.736311972
0.941809118 0.009770666 -0.336006373 -1.365870595 -0.010019407 0.999949276 0.000993444 0.059629198 0.335999072 0.002430951 0.941859186 0.736311972
0.941809118 0.009770666 -0.336006373 -1.365870595 -0.010019407 0.999949276 0.000993444 0.059629198 0.335999072 0.002430951 0.941859186 0.736311972
0.941809118 0.009770666 -0.336006373 -1.365870595 -0.010019407 0.999949276 0.000993444 0.059629198 0.335999072 0.002430951 0.941859186 0.736311972
0.941809118 0.009770666 -0.336006373 -1.365870595 -0.010019407 0.999949276 0.000993444 0.059629198 0.335999072 0.002430951 0.941859186 0.736311972
0.849636316 -0.038311843 0.525975585 -0.799683034 0.040688142 0.999146998 0.007051745 0.121881723 -0.525797129 0.015409552 0.850470483 1.542586446
0.929094493 -0.017708855 0.369418412 -0.225420162 0.103338845 0.971499860 -0.213328272 0.668295681 -0.355112165 0.236377403 0.904445231 1.721829534
0.929094493 -0.017708855 0.369418412 -0.225420162 0.103338845 0.971499860 -0.213328272 0.668295681 -0.355112165 0.236377403 0.904445231 1.721829534
0.929094493 -0.017708855 0.369418412 -0.225420162 0.103338845 0.971499860 -0.213328272 0.668295681 -0.355112165 0.236377403 0.904445231 1.721829534
0.929094493 -0.017708855 0.369418412 -0.225420162 0.103338845 0.971499860 -0.213328272 0.668295681 -0.355112165 0.236377403 0.904445231 1.721829534
0.929094493 -0.017708855 0.369418412 -0.225420162 0.103338845 0.971499860 -0.213328272 0.668295681 -0.355112165 0.236377403 0.904445231 1.721829534
0.929094493 -0.017708855 0.369418412 -0.225420162 0.103338845 0.971499860 -0.213328272 0.668295681 -0.355112165 0.236377403 0.904445231 1.721829534
0.929094493 -0.017708855 0.369418412 -0.225420162 0.103338845 0.971499860 -0.213328272 0.668295681 -0.355112165 0.236377403 0.904445231 1.721829534
0.929094493 -0.017708855 0.369418412 -0.225420162 0.103338845 0.971499860 -0.213328272 0.668295681 -0.355112165 0.236377403 0.904445231 1.721829534
0.929094493 -0.017708855 0.369418412 -0.225420162 0.103338845 0.971499860 -0.213328272 0.668295681 -0.355112165 0.236377403 0.904445231 1.721829534
0.929094493 -0.017708855 0.369418412 -0.225420162 0.103338845 0.971499860 -0.213328272 0.668295681 -0.355112165 0.236377403 0.904445231 1.721829534
0.929094493 -0.017708855 0.369418412 -0.225420162 0.103338845 0.971499860 -0.213328272 0.668295681 -0.355112165 0.236377403 0.904445231 1.721829534
0.929094493 -0.017708855 0.369418412 -0.225420162 0.103338845 0.971499860 -0.213328272 0.668295681 -0.355112165 0.236377403 0.904445231 1.721829534
0.929094493 -0.017708855 0.369418412 -0.225420162 0.103338845 0.971499860 -0.213328272 0.668295681 -0.355112165 0.236377403 0.904445231 1.721829534
0.929094493 -0.017708855 0.369418412 -0.225420162 0.103338845 0.971499860 -0.213328272 0.668295681 -0.355112165 0.236377403 0.904445231 1.721829534
0.929094493 -0.017708855 0.369418412 -0.225420162 0.103338845 0.971499860 -0.213328272 0.668295681 -0.355112165 0.236377403 0.904445231 1.721829534
0.929094493 -0.017708855 0.369418412 -0.225420162 0.103338845 0.971499860 -0.213328272 0.668295681 -0.355112165 0.236377403 0.904445231 1.721829534
0.929094493 -0.017708855 0.369418412 -0.225420162 0.103338845 0.971499860 -0.213328272 0.668295681 -0.355112165 0.236377403 0.904445231 1.721829534
0.929094493 -0.017708855 0.369418412 -0.225420162 0.103338845 0.971499860 -0.213328272 0.668295681 -0.355112165 0.236377403 0.904445231 1.721829534
0.929094493 -0.017708855 0.369418412 -0.225420162 0.103338845 0.971499860 -0.213328272 0.668295681 -0.355112165 0.236377403 0.904445231 1.721829534
0.929094493 -0.017708855 0.369418412 -0.225420162 0.103338845 0.971499860 -0.213328272 0.668295681 -0.355112165 0.236377403 0.904445231 1.721829534
0.929094493 -0.017708855 0.369418412 -0.225420162 0.103338845 0.971499860 -0.213328272 0.668295681 -0.355112165 0.236377403 0.904445231 1.721829534
0.929094493 -0.017708855 0.369418412 -0.225420162 0.103338845 0.971499860 -0.213328272 0.668295681 -0.355112165 0.236377403 0.904445231 1.721829534
0.929094493 -0.017708855 0.369418412 -0.225420162 0.103338845 0.971499860 -0.213328272 0.668295681 -0.355112165 0.236377403 0.904445231 1.721829534
0.929094493 -0.017708855 0.369418412 -0.225420162 0.103338845 0.971499860 -0.213328272 0.668295681 -0.355112165 0.236377403 0.904445231 1.721829534
0.929094493 -0.017708855 0.369418412 -0.225420162 0.103338845 0.971499860 -0.213328272 0.668295681 -0.355112165 0.236377403 0.904445231 1.721829534
0.929094493 -0.017708855 0.369418412 -0.225420162 0.103338845 0.971499860 -0.213328272 0.668295681 -0.355112165 0.236377403 0.904445231 1.721829534
0.929094493 -0.017708855 0.369418412 -0.225420162 0.103338845 0.971499860 -0.213328272 0.668295681 -0.355112165 0.236377403 0.904445231 1.721829534
0.929094493 -0.017708855 0.369418412 -0.225420162 0.103338845 0.971499860 -0.213328272 0.668295681 -0.355112165 0.236377403 0.904445231 1.721829534
0.929094493 -0.017708855 0.369418412 -0.225420162 0.103338845 0.971499860 -0.213328272 0.668295681 -0.355112165 0.236377403 0.904445231 1.721829534
0.929094493 -0.017708855 0.369418412 -0.225420162 0.103338845 0.971499860 -0.213328272 0.668295681 -0.355112165 0.236377403 0.904445231 1.721829534
0.929094493 -0.017708855 0.369418412 -0.225420162 0.103338845 0.971499860 -0.213328272 0.668295681 -0.355112165 0.236377403 0.904445231 1.721829534
0.929094493 -0.017708855 0.369418412 -0.225420162 0.103338845 0.971499860 -0.213328272 0.668295681 -0.355112165 0.236377403 0.904445231 1.721829534
0.929094493 -0.017708855 0.369418412 -0.225420162 0.103338845 0.971499860 -0.213328272 0.668295681 -0.355112165 0.236377403 0.904445231 1.721829534
0.929094493 -0.017708855 0.369418412 -0.225420162 0.103338845 0.971499860 -0.213328272 0.668295681 -0.355112165 0.236377403 0.904445231 1.721829534
0.929094493 -0.017708855 0.369418412 -0.225420162 0.103338845 0.971499860 -0.213328272 0.668295681 -0.355112165 0.236377403 0.904445231 1.721829534
0.929094493 -0.017708855 0.369418412 -0.225420162 0.103338845 0.971499860 -0.213328272 0.668295681 -0.355112165 0.236377403 0.904445231 1.721829534
0.929094493 -0.017708855 0.369418412 -0.225420162 0.103338845 0.971499860 -0.213328272 0.668295681 -0.355112165 0.236377403 0.904445231 1.721829534
0.929094493 -0.017708855 0.369418412 -0.225420162 0.103338845 0.971499860 -0.213328272 0.668295681 -0.355112165 0.236377403 0.904445231 1.721829534
0.929094493 -0.017708855 0.369418412 -0.225420162 0.103338845 0.971499860 -0.213328272 0.668295681 -0.355112165 0.236377403 0.904445231 1.721829534
0.929094493 -0.017708855 0.369418412 -0.225420162 0.103338845 0.971499860 -0.213328272 0.668295681 -0.355112165 0.236377403 0.904445231 1.721829534
0.929094493 -0.017708855 0.369418412 -0.225420162 0.103338845 0.971499860 -0.213328272 0.668295681 -0.355112165 0.236377403 0.904445231 1.721829534
0.929094493 -0.017708855 0.369418412 -0.225420162 0.103338845 0.971499860 -0.213328272 0.668295681 -0.355112165 0.236377403 0.904445231 1.721829534
0.929094493 -0.017708855 0.369418412 -0.225420162 0.103338845 0.971499860 -0.213328272 0.668295681 -0.355112165 0.236377403 0.904445231 1.721829534
0.929094493 -0.017708855 0.369418412 -0.225420162 0.103338845 0.971499860 -0.213328272 0.668295681 -0.355112165 0.236377403 0.904445231 1.721829534
0.929094493 -0.017708855 0.369418412 -0.225420162 0.103338845 0.971499860 -0.213328272 0.668295681 -0.355112165 0.236377403 0.904445231 1.721829534
0.929094493 -0.017708855 0.369418412 -0.225420162 0.103338845 0.971499860 -0.213328272 0.668295681 -0.355112165 0.236377403 0.904445231 1.721829534
0.929094493 -0.017708855 0.369418412 -0.225420162 0.103338845 0.971499860 -0.213328272 0.668295681 -0.355112165 0.236377403 0.904445231 1.721829534
0.929094493 -0.017708855 0.369418412 -0.225420162 0.103338845 0.971499860 -0.213328272 0.668295681 -0.355112165 0.236377403 0.904445231 1.721829534
0.929094493 -0.017708855 0.369418412 -0.225420162 0.103338845 0.971499860 -0.213328272 0.668295681 -0.355112165 0.236377403 0.904445231 1.721829534
0.929094493 -0.017708855 0.369418412 -0.225420162 0.103338845 0.971499860 -0.213328272 0.668295681 -0.355112165 0.236377403 0.904445231 1.721829534
0.929094493 -0.017708855 0.369418412 -0.225420162 0.103338845 0.971499860 -0.213328272 0.668295681 -0.355112165 0.236377403 0.904445231 1.721829534
0.929094493 -0.017708855 0.369418412 -0.225420162 0.103338845 0.971499860 -0.213328272 0.668295681 -0.355112165 0.236377403 0.904445231 1.721829534
0.929094493 -0.017708855 0.369418412 -0.225420162 0.103338845 0.971499860 -0.213328272 0.668295681 -0.355112165 0.236377403 0.904445231 1.721829534
0.929094493 -0.017708855 0.369418412 -0.225420162 0.103338845 0.971499860 -0.213328272 0.668295681 -0.355112165 0.236377403 0.904445231 1.721829534
0.929094493 -0.017708855 0.369418412 -0.225420162 0.103338845 0.971499860 -0.213328272 0.668295681 -0.355112165 0.236377403 0.904445231 1.721829534
0.929094493 -0.017708855 0.369418412 -0.225420162 0.103338845 0.971499860 -0.213328272 0.668295681 -0.355112165 0.236377403 0.904445231 1.721829534
0.929094493 -0.017708855 0.369418412 -0.225420162 0.103338845 0.971499860 -0.213328272 0.668295681 -0.355112165 0.236377403 0.904445231 1.721829534
0.929094493 -0.017708855 0.369418412 -0.225420162 0.103338845 0.971499860 -0.213328272 0.668295681 -0.355112165 0.236377403 0.904445231 1.721829534
0.929094493 -0.017708855 0.369418412 -0.225420162 0.103338845 0.971499860 -0.213328272 0.668295681 -0.355112165 0.236377403 0.904445231 1.721829534
0.929094493 -0.017708855 0.369418412 -0.225420162 0.103338845 0.971499860 -0.213328272 0.668295681 -0.355112165 0.236377403 0.904445231 1.721829534
0.929094493 -0.017708855 0.369418412 -0.225420162 0.103338845 0.971499860 -0.213328272 0.668295681 -0.355112165 0.236377403 0.904445231 1.721829534
0.929094493 -0.017708855 0.369418412 -0.225420162 0.103338845 0.971499860 -0.213328272 0.668295681 -0.355112165 0.236377403 0.904445231 1.721829534
0.929094493 -0.017708855 0.369418412 -0.225420162 0.103338845 0.971499860 -0.213328272 0.668295681 -0.355112165 0.236377403 0.904445231 1.721829534
0.929094493 -0.017708855 0.369418412 -0.225420162 0.103338845 0.971499860 -0.213328272 0.668295681 -0.355112165 0.236377403 0.904445231 1.721829534
0.929094493 -0.017708855 0.369418412 -0.225420162 0.103338845 0.971499860 -0.213328272 0.668295681 -0.355112165 0.236377403 0.904445231 1.721829534
0.929094493 -0.017708855 0.369418412 -0.225420162 0.103338845 0.971499860 -0.213328272 0.668295681 -0.355112165 0.236377403 0.904445231 1.721829534
0.929094493 -0.017708855 0.369418412 -0.225420162 0.103338845 0.971499860 -0.213328272 0.668295681 -0.355112165 0.236377403 0.904445231 1.721829534
0.929094493 -0.017708855 0.369418412 -0.225420162 0.103338845 0.971499860 -0.213328272 0.668295681 -0.355112165 0.236377403 0.904445231 1.721829534
0.929094493 -0.017708855 0.369418412 -0.225420162 0.103338845 0.971499860 -0.213328272 0.668295681 -0.355112165 0.236377403 0.904445231 1.721829534
0.929094493 -0.017708855 0.369418412 -0.225420162 0.103338845 0.971499860 -0.213328272 0.668295681 -0.355112165 0.236377403 0.904445231 1.721829534
0.929094493 -0.017708855 0.369418412 -0.225420162 0.103338845 0.971499860 -0.213328272 0.668295681 -0.355112165 0.236377403 0.904445231 1.721829534
0.929094493 -0.017708855 0.369418412 -0.225420162 0.103338845 0.971499860 -0.213328272 0.668295681 -0.355112165 0.236377403 0.904445231 1.721829534
