%YAML:1.0

#--------------------------------------------------------------------------------------------
# Camera Parameters. Adjust them!
#--------------------------------------------------------------------------------------------

# Camera calibration and distortion parameters (OpenCV) 
Camera.fx: 6.01724915e+02
Camera.fy: 6.01596130e+02
Camera.cx: 5.19341187e+02
Camera.cy: 3.93778687e+02
#Camera.cx: 512
#Camera.cy: 384

Camera.k1: -8.83999988e-02
Camera.k2: 7.90999979e-02
Camera.p1: -9.99999975e-05
Camera.p2: 6.00000028e-04

Camera.width: 1024
Camera.height: 768

# Camera frames per second 
Camera.fps: 20.0

# stereo baseline times fx
Camera.bf: 96.59819792

# Color order of the images (0: BGR, 1: RGB. It is ignored if images are grayscale)
Camera.RGB: 1

# Close/Far threshold. Baseline times.
ThDepth: 35

#--------------------------------------------------------------------------------------------
# Stereo Rectification. Only if you need to pre-rectify the images.
# Camera.fx, .fy, etc must be the same as in LEFT.P
#--------------------------------------------------------------------------------------------
LEFT.height: 768
LEFT.width: 1024
LEFT.D: !!opencv-matrix
   rows: 1
   cols: 5
   dt: d
   data:[-8.83999988e-02, 7.90999979e-02, -9.99999975e-05, 6.00000028e-04, 0.0]
LEFT.K: !!opencv-matrix
   rows: 3
   cols: 3
   dt: d
   data: [6.01724915e+02, 0.0, 5.19341187e+02, 0.0, 6.01596130e+02, 3.93778687e+02, 0.0, 0.0, 1.0]
LEFT.R:  !!opencv-matrix
   rows: 3
   cols: 3
   dt: d
   data: [0.999966347530033, -0.001422739138722922, 0.008079580483432283, 0.001365741834644127, 0.9999741760894847, 0.007055629199258132, -0.008089410156878961, -0.007044357138835809, 0.9999424675829176]
LEFT.P:  !!opencv-matrix
   rows: 3
   cols: 4
   dt: d
   data: [6.01724915e+02, 0.0, 5.19341187e+02, 0,  0.0, 6.01596130e+02, 3.93778687e+02, 0,  0, 0, 1, 0]

RIGHT.height: 768
RIGHT.width: 1024
RIGHT.D: !!opencv-matrix
   rows: 1
   cols: 5
   dt: d
   data:[-0.096145848562785, 0.084502468880106, 0.000023771437, -0.000146652646, 0.0]
RIGHT.K: !!opencv-matrix
   rows: 3
   cols: 3
   dt: d
   data: [ 6.01628601e+02, 0.0, 5.16943420e+02, 
          0.0, 6.01346008e+02, 3.88223511e+02, 
          0.0, 0.0, 1.0 ]
RIGHT.R:  !!opencv-matrix
   rows: 3
   cols: 3
   dt: d
   data: [0.9999633526194376, -0.003625811871560086, 0.007755443660172947, 0.003680398547259526, 0.9999684752771629, -0.007035845251224894, -0.007729688520722713, 0.007064130529506649, 0.999945173484644]
RIGHT.P:  !!opencv-matrix
   rows: 3
   cols: 4
   dt: d
   data: [ 6.01628601e+02, 0.0, 5.16943420e+02, -1.59700006e-01,
          0.0, 6.01346008e+02, 3.88223511e+02, -6.99999975e-04,
          0.0, 0.0, 1.0, -3.99999990e-04]

#--------------------------------------------------------------------------------------------
# ORB Parameters
#--------------------------------------------------------------------------------------------

# ORB Extractor: Number of features per image
ORBextractor.nFeatures: 2000

# ORB Extractor: Scale factor between levels in the scale pyramid 	
ORBextractor.scaleFactor: 1.2

# ORB Extractor: Number of levels in the scale pyramid	
ORBextractor.nLevels: 8

# ORB Extractor: Fast threshold
# Image is divided in a grid. At each cell FAST are extracted imposing a minimum response.
# Firstly we impose iniThFAST. If no corners are detected we impose a lower value minThFAST
# You can lower these values if your images have low contrast			
ORBextractor.iniThFAST: 20
ORBextractor.minThFAST: 7

#--------------------------------------------------------------------------------------------
# Viewer Parameters
#--------------------------------------------------------------------------------------------
Viewer.KeyFrameSize: 0.05
Viewer.KeyFrameLineWidth: 1
Viewer.GraphLineWidth: 0.9
Viewer.PointSize: 2
Viewer.CameraSize: 0.08
Viewer.CameraLineWidth: 3
Viewer.ViewpointX: 0
Viewer.ViewpointY: -0.7
Viewer.ViewpointZ: -1.8
Viewer.ViewpointF: 500
